1 5 7 10 9 8 7 6 5 4 3 2
2 10 9 8 7 6 5 4 3
3 4 10 9 8 7 5 4
4 10 8 9 7 6 5
5 10 9 8 7 6
6 2 10 9 8 7
7 9 10 9 8
8 10 9 7
9 10 8
10 3 8 9 8
53 52 49 46 45 42 41 39 37 35 33 31 29 28 26 24 22 20 17 15 13 12 9 8 7 3 2
2 24 34 68 100 99 98 97 96 95 94 93 92 91 90 89 88 87 86 85 84 83 82 81 80 79 78 77 76 75 74 73 72 71 70 69 68 67 66 65 64 63 62 61 60 59 58 57 56 55 54 53 51 49 47 46 45 44 43 41 40 39 38 37 36 34 32 30 29 27 25 23 21 19 18 17 16 15 14 13 12 11 10 8 6 4 3
3 1 18 32 35 100 99 98 97 96 95 94 93 92 91 90 89 88 87 86 85 84 83 82 81 80 79 78 77 76 75 74 73 72 71 70 69 68 67 66 65 64 63 62 60 59 58 56 54 52 51 48 45 44 42 40 36 33
4 17 27 70 81 82 99 100 99 98 97 96 95 94 92 91 90 89 88 86 85 84 83 82 80 79 81 78 76 74 73 72 71 70 68 67 69 64 63 61 59 58 57 55 53 52
5 46 91 100 99 98 96 97 95 94 93 91 89 88 87 84 83 82 81 80 79 77 76 75 74 72 69 68 67 65 66 63 64 60 61
6 2 39 76 100 99 98 97 96 95 94 93 92 91 90 89 88 86 87 85 83 82 80 78 77 76 75 74 73 72 71 70 69 68 67
7 48 52 56 73 83 100 99 98 97 96 95 94 93 92 91 90 89 88 87 86 85 84 83 82 81 80 79 78 77 76 75 74 73 72 71
8 42 61 84 85 99 100 99 98 97 96 95 94 93 92 91 90 89 88 87 86 85 84 83 82 81 80 79 78 77 76 75
9 35 50 59 63 75 92 95 100 99 98 97 96 95 94 93 92 91 90 89 88 87 86 85 84 83 82 81 80 79 78
10 1 31 35 56 58 71 83 90 100 99 98 97 96 95 94 93 92 91 90 89 88 87 86 85 84 83 82 81 80
11 35 36 42 53 59 61 64 74 98 100 99 98 97 96 95 94 93 92 91 90 89 88 87 86 85 84 83 82
12 9 11 14 19 36 45 65 70 71 85 100 99 98 97 96 95 94 93 92 91 90 89 88 87 86 85 84 83
13 51 52 89 100 98 97 96 99 95 94 93 92 91 90 88 89 87 86 85
14 1 9 22 59 80 85 100 100 99 98 97 96 95 94 93 92 91 89 88 90 87 86
15 3 12 36 41 75 100 98 99 97 96 94 93 95 92 91 89 90 88 87
16 28 47 55 56 57 61 100 99 98 96 97 95 94 92 93 91 90 88 89 87
17 12 45 100 99 98 97 96 95 94 93 92 91 90 89 88
18 50 52 73 74 94 99 100 98 99 97 96 94 95 91 93 92 90 89
19 14 41 50 54 85 89 92 100 99 98 97 96 95 94 93 92 91 90 89
20 10 23 54 56 100 99 98 96 97 95 94 93 92 91 90
21 7 36 100 99 98 97 96 95 94 93 92 91 90
22 9 50 82 100 99 98 96 97 94 95 92 91
23 6 9 41 71 74 92 100 99 97 98 95 96 94 93 92 91
24 22 57 68 69 73 75 100 98 97 96 95 94 93 92
25 13 33 45 47 97 99 100 99 98 97 96 95 94 93 92
26 16 25 36 60 64 96 100 99 98 97 96 95 94 93 92
27 30 33 48 52 62 69 77 97 100 99 98 97 96 95 94 93
28 14 17 23 27 100 99 98 97 96 95 94 93
29 36 83 91 100 99 98 97 96 95 94 93
30 1 35 36 52 59 73 99 100 99 98 97 96 95 94 93
31 100 99 98 97 96 95 94
32 73 84 93 100 99 98 97 96 95 94
33 38 66 69 70 90 92 99 100 98 97 96 95 94
34 31 36 38 49 77 81 100 99 98 97 96 95
35 27 55 70 72 77 91 97 98 100 99 97 95 94
36 50 54 62 82 100 99 98 97 95 96
37 13 20 64 78 91 95 100 100 99 98 97 96 95
38 4 100 100 99 98 97 96 95
39 16 19 31 35 40 42 76 100 99 97 95
40 12 32 82 91 100 99 98 95
41 35 50 64 75 84 87 98 100 99 98 96 95
42 16 26 40 48 82 87 100 99 98 97 95
43 8 22 23 46 48 68 74 76 84 99 98 100 95
44 7 9 17 31 33 47 63 77 98 100 97 96 95
45 2 16 44 75 95 100 98 97 96
46 33 42 65 70 100 98 97 96
47 18 32 100 99 97 96
48 29 47 70 100 98 97 96
49 16 64 65 70 76 78 96 100 97 98 99 96
50 6 32 42 91 96 100 99 97 98 96
51 21 23 26 55 71 77 86 100 98 96
52 16 41 46 48 56 64 71 100 99 97 98 96
53 32 37 90 99 98 100 97 96
54 26 42 93 100 99 96 97 98
55 12 15 25 37 41 57 82 87 93 100 99 98 97 96
56 2 40 41 47 57 67 92 96 98 99 99 100 96 98 97
57 9 59 68 89 100 97 99 96
58 44 61 74 83 99 100 98 97
59 26 69 83 90 97 100 99 97 98
60 48 51 71 100 100 99 97 98
61 33 39 100 99 98 97
62 32 34 45 63 68 100 99 97 98
63 34 42 44 47 50 95 98 100 97 99 98
64 16 21 26 51 52 84 98 97 99 100
65 6 9 37 71 81 100 97 99 100 98
66 15 21 22 32 41 63 89 99 100 97 98
67 1 12 16 37 41 61 74 80 83 100 99 98 97
68 14 19 47 51 78 96 100 98 99 97
69 38 50 73 100 99 98 97
70 14 17 42 82 87 94 97 99 100 97 98
71 6 10 42 64 69 73 100 99 98 97
72 18 26 31 57 83 100 99 97 98
73 71 95 97 98 99 100 97
74 4 14 38 67 68 84 98 100 99 97
75 24 68 72 99 100 98 97
76 11 13 26 34 63 64 88 99 98 100 97
77 1 29 38 100 99 97 98
78 47 63 76 100 99 100 98 97
79 18 76 89 90 98 99 100 97
80 16 25 29 48 69 99 100 98 97
81 23 66 96 99 100 98
82 38 48 80 98 100 99 98
83 12 44 69 99 100 98
84 12 57 87 92 95 100 98 99
85 50 52 55 68 100 99 98
86 44 61 69 87 90 95 100 99 98
87 18 19 35 36 86 100 98 99
88 18 21 25 32 46 56 71 100 99 98
89 1 9 32 42 79 96 100 99 98
90 47 74 85 89 92 100 99 98
91 9 31 44 46 97 100 99 98
92 59 64 85 100 99 98
93 1 16 23 63 64 87 89 98 100 99 98
94 29 65 83 100 99 98
95 5 75 84 89 100 99 98
96 100 99 98
97 18 19 44 63 69 95 98 100 99 98
98 37 38 41 62 69 100 99
99 18 50 96 100 98
100 31 51 53 78 99 98
